-0.365127  -0.0929957  1.02393  -0.244503  -0.086173  0.889526  0.0960432  -0.143842  1.09087  0.00939029  -0.102498  0.885235  
-0.365153  -0.0930227  1.02388  -0.244592  -0.0885252  0.889326  0.0962421  -0.14389  1.09095  0.00973719  -0.102733  0.885406  
-0.365212  -0.0930692  1.02383  -0.244637  -0.0896069  0.889258  0.0961012  -0.143813  1.09092  0.00975676  -0.102742  0.885388  
-0.365098  -0.0931081  1.02381  -0.244392  -0.089961  0.889349  0.0966032  -0.143988  1.09121  0.00925986  -0.102346  0.884929  
-0.365046  -0.0931255  1.02377  -0.197538  -0.0697406  0.852476  0.100515  -0.145335  1.09326  0.0092197  -0.102363  0.88492  
-0.365066  -0.0931835  1.0237  -0.197993  -0.0698858  0.851971  0.101332  -0.146317  1.09431  0.00908684  -0.102392  0.884866  
-0.365179  -0.0932209  1.02345  -0.183087  -0.071792  0.867473  0.0958592  -0.144045  1.09122  0.00924782  -0.102451  0.88496  
-0.365262  -0.0931693  1.02339  -0.243663  -0.0800513  0.890351  0.0964645  -0.144156  1.09152  0.0093827  -0.102463  0.885149  
-0.365241  -0.093069  1.02337  -0.243589  -0.0830941  0.890103  0.0979972  -0.145492  1.09284  0.00970191  -0.102542  0.885471  
-0.365338  -0.0929718  1.02338  -0.203542  -0.0659663  0.853799  0.0969657  -0.145289  1.0925  0.0102474  -0.102549  0.886072  
-0.36536  -0.0929288  1.02334  -0.240079  -0.0915348  0.893172  0.0974662  -0.144772  1.09257  0.0109229  -0.102735  0.886719  
-0.365536  -0.0928166  1.02331  -0.197136  -0.0700769  0.852803  0.0967979  -0.144846  1.09257  0.0108216  -0.102718  0.886826  
-0.365562  -0.0927049  1.02334  -0.235692  -0.0766463  0.893637  0.098329  -0.145737  1.0937  0.0107182  -0.102515  0.886833  
-0.36569  -0.0924757  1.02324  -0.195517  -0.0679733  0.85531  0.0982734  -0.145074  1.09337  0.0106696  -0.102442  0.88775  
-0.365413  -0.0918692  1.02315  -0.242297  -0.0958103  0.890962  0.0983107  -0.143348  1.0924  0.0117106  -0.102371  0.888729  
-0.365252  -0.0906576  1.02269  -0.244538  -0.0897704  0.888199  0.0977458  -0.14203  1.09136  0.0115729  -0.100479  0.887284  
-0.36165  -0.0840682  1.01736  -0.201989  -0.0616228  0.838607  0.0968004  -0.136089  1.08493  0.00995572  -0.0937321  0.877368  
-0.341488  -0.064567  0.98699  -0.204  -0.0277329  0.792869  0.0998725  -0.124115  1.04545  0.0570763  -0.0896428  0.81123  
-0.31952  -0.0293552  0.923998  -0.186325  0.0284782  0.731857  0.11166  -0.107507  0.986264  0.0391373  -0.00782953  0.779346  
-0.304899  -0.0182084  0.898559  -0.178124  0.0533027  0.706561  0.115594  -0.0776754  0.96764  0.0533576  0.0102744  0.752256  
-0.300488  -0.00666218  0.887424  -0.179258  0.0637811  0.691483  0.107007  -0.035947  0.938526  0.0143203  0.0329916  0.727065  
-0.311104  -0.00172968  0.900301  -0.171936  0.0476192  0.709957  0.109206  -0.0372143  0.944463  0.0284191  0.0104303  0.722685  
-0.317215  -0.00611505  0.905445  -0.220894  0.0368372  0.752243  0.109243  -0.0450387  0.948346  0.0249079  0.000795741  0.737825  
-0.340558  -0.0455767  0.968995  -0.137841  -0.03059  0.839919  0.0967242  -0.0945374  1.03416  0.0428219  -0.0679999  0.863536  
-0.364149  -0.0768944  0.996253  -0.231313  -0.0451997  0.878095  0.119438  -0.140231  1.06342  0.0391167  -0.0872094  0.910452  
-0.436377  -0.133114  1.10191  -0.272546  -0.131503  1.00023  0.159702  -0.208184  1.18445  0.0246574  -0.14222  0.996681  
