-0.345311  -0.0917551  1.00599  -0.223165  -0.0783257  0.836534  0.0958059  -0.130042  1.06643  0.0216383  -0.113442  0.867667  
-0.34585  -0.0724011  1.00182  -0.226222  -0.0762801  0.845093  0.0953282  -0.132415  1.06755  0.0199198  -0.105411  0.86416  
-0.345319  -0.071217  1.00349  -0.226104  -0.0762209  0.845038  0.0952571  -0.131796  1.06844  0.0428209  -0.068092  0.842136  
-0.345386  -0.0711221  1.00324  -0.225479  -0.0773542  0.84446  0.0952587  -0.131934  1.06835  0.0184752  -0.101441  0.858703  
-0.345676  -0.070815  1.00274  -0.22493  -0.0785349  0.844391  0.0952125  -0.132356  1.06826  0.018488  -0.101461  0.858783  
-0.345376  -0.0709501  1.00223  -0.224983  -0.0782816  0.844419  0.095179  -0.132881  1.06783  0.0183644  -0.101515  0.858763  
-0.344927  -0.0703096  1.00209  -0.225249  -0.0776085  0.844381  0.0952139  -0.132818  1.06788  0.020072  -0.102007  0.859402  
-0.344913  -0.0702583  1.00125  -0.226109  -0.0774179  0.844961  0.0949987  -0.134359  1.06687  0.00733949  -0.118027  0.868063  
-0.343506  -0.067518  1.00224  -0.22124  -0.0758515  0.843908  0.0953825  -0.133784  1.06744  0.0230997  -0.116705  0.873894  
-0.343018  -0.0660574  1.0028  -0.221778  -0.0725802  0.843958  0.095298  -0.132616  1.06859  0.0220334  -0.115507  0.873503  
-0.343383  -0.0649871  1.00216  -0.15954  -0.0621303  0.846314  0.0950137  -0.131672  1.06992  0.0204931  -0.106354  0.866122  
-0.341515  -0.0612055  1.00103  -0.157763  -0.0612479  0.845044  0.0948401  -0.129811  1.07079  0.0261825  -0.095374  0.855582  
-0.338712  -0.0496154  0.989482  -0.153863  -0.0470488  0.834766  0.0931818  -0.121005  1.06407  0.0212073  -0.0869218  0.84934  
-0.332167  -0.0328559  0.981979  -0.194406  0.00493524  0.787897  0.0931748  -0.116737  1.05538  0.0206738  -0.0769049  0.842916  
-0.323044  -0.0351156  0.952725  -0.195567  0.0366374  0.761106  0.0966275  -0.0988724  1.03788  0.0291765  -0.0174356  0.821338  
-0.31354  -0.00989001  0.948304  -0.193723  0.0644326  0.752736  0.0919425  -0.0488709  1.01708  0.0409645  0.0281172  0.794473  
-0.297896  0.0248379  0.911557  -0.181518  0.0955555  0.712509  0.0932664  -0.0255882  1.00225  0.0494383  0.0563502  0.779843  
-0.2756  0.0490618  0.875181  -0.166264  0.114381  0.670302  0.0863346  0.00983951  0.980595  0.0599201  0.0777177  0.750838  
-0.282038  0.0304731  0.872508  -0.173346  0.108632  0.671761  0.0894292  0.00876897  0.972691  0.0375121  0.074747  0.746727  
-0.301271  0.0266182  0.888308  -0.176317  0.0716888  0.687093  0.105824  -0.0242462  0.932747  0.0476712  0.0418089  0.708319  
-0.333004  -0.0109615  0.904728  -0.196074  0.0313501  0.762656  0.120842  -0.109583  0.949116  0.0400198  -0.0101865  0.801307  
-0.37844  -0.0859089  0.96303  -0.217782  -0.0597111  0.885938  0.140504  -0.152951  1.04456  0.0561995  -0.0599287  0.914712  
-0.408085  -0.119721  1.02201  -0.25163  -0.104286  0.933901  0.152662  -0.177321  1.11499  0.063629  -0.159009  0.917283  
-0.448025  -0.139545  1.06452  -0.268279  -0.140704  0.979855  0.161855  -0.197919  1.19517  0.129979  -0.235998  0.959521  
-0.454673  -0.145058  1.07036  -0.270442  -0.149415  0.989297  0.173974  -0.193537  1.23999  0.0637483  -0.175113  1.04943  
