-0.326135  -0.0754264  1.04887  -0.200938  -0.0994894  0.844225  0.0713858  -0.130552  1.12035  0.0288322  -0.111486  0.883875  
-0.325884  -0.0754029  1.04931  -0.15591  -0.0781797  0.878276  0.0707796  -0.131444  1.12128  0.0214972  -0.116963  0.885781  
-0.325729  -0.0754491  1.0496  -0.155909  -0.079062  0.878426  0.0703791  -0.131533  1.12123  -0.0535826  -0.100163  0.916837  
-0.325377  -0.0755711  1.04967  -0.153922  -0.0793049  0.88014  0.0702859  -0.131164  1.12108  -0.0749115  -0.104801  0.930521  
-0.3253  -0.0756264  1.04973  -0.153974  -0.0792594  0.880066  0.0704205  -0.132055  1.12158  0.0276818  -0.111798  0.885242  
-0.325221  -0.0756349  1.04976  -0.154224  -0.0793438  0.879767  0.0711767  -0.13285  1.1222  0.0278204  -0.112552  0.885973  
-0.327451  -0.0725027  1.04485  -0.155196  -0.0729259  0.876085  0.0688769  -0.125652  1.11995  -0.056247  -0.100629  0.915385  
-0.308706  -0.0283776  1.02555  -0.125117  -0.0234348  0.869218  0.0638502  -0.0819281  1.09355  0.0267208  -0.00318151  0.868715  
-0.300353  -0.0232772  0.97095  -0.202694  0.0530798  0.764027  0.0621248  -0.0578936  1.07973  -0.0144433  0.0112389  0.861751  
-0.298641  0.0269637  0.93095  -0.159485  0.0942539  0.745524  0.0470232  0.00488253  1.06635  -0.0160531  0.0597811  0.840163  
-0.293177  0.0555262  0.921687  -0.168621  0.14327  0.734349  0.0233239  0.037041  1.05778  -0.0479674  0.111969  0.839842  
-0.292806  0.0584061  0.92171  -0.168307  0.144532  0.733589  0.0530811  0.0173309  1.05901  0.0012869  0.0846034  0.833273  
-0.305117  0.0530398  0.936736  -0.167784  0.115699  0.748387  0.0562795  0.00615064  1.06532  0.0108808  0.0676125  0.836609  
-0.306016  0.0442824  0.953063  -0.172605  0.101602  0.760328  0.0608484  -0.0218243  1.08949  0.0170106  0.0449013  0.861982  
-0.307543  0.0350161  0.962663  -0.176808  0.0858089  0.766359  0.0592788  -0.0335705  1.10539  0.0162208  0.0268918  0.876015  
-0.309662  0.0249696  0.976365  -0.18698  0.0728176  0.774279  0.0594038  -0.0431461  1.12114  0.015969  0.0175896  0.891926  
-0.320618  0.00813888  0.982305  -0.211648  0.0397933  0.802226  0.0811964  -0.0742281  1.02194  -0.00460904  0.00670415  0.811716  
-0.338064  -0.045222  1.01389  -0.150825  -0.0407695  0.861916  0.0926022  -0.125243  1.0591  -0.0703258  -0.0600401  0.893865  
-0.385629  -0.0954726  1.05589  -0.189631  -0.104646  0.915973  0.110237  -0.164131  1.13759  0.0335226  -0.146705  0.974511  
-0.426984  -0.111279  1.08052  -0.267202  -0.135897  0.971536  0.121344  -0.18755  1.16145  0.0387514  -0.167592  1.00163  
