-0.371842  -0.0892937  1.00941  -0.200534  -0.0918774  0.881491  0.092142  -0.170396  1.09038  0.0482242  -0.124498  0.920585  
-0.371957  -0.0894332  1.0098  -0.190844  -0.0931271  0.883488  0.0913064  -0.169587  1.09015  0.0465438  -0.126656  0.919797  
-0.371866  -0.0894774  1.00978  -0.192899  -0.0945044  0.885315  0.0913156  -0.169585  1.09017  0.0693228  -0.167865  0.866155  
-0.37184  -0.0894669  1.00979  -0.193951  -0.0951951  0.886203  0.0913055  -0.169585  1.09017  0.0474304  -0.124973  0.920019  
-0.37185  -0.0894679  1.00982  -0.193265  -0.095704  0.886901  0.0912963  -0.169597  1.09018  0.0474054  -0.124972  0.920043  
-0.371766  -0.0893701  1.00976  -0.195874  -0.0960222  0.888171  0.0913126  -0.169686  1.09027  0.0470311  -0.123636  0.920617  
-0.371744  -0.0893806  1.0098  -0.194804  -0.0957914  0.887786  0.0913866  -0.169784  1.0904  0.04706  -0.123725  0.920759  
-0.371765  -0.0893799  1.00981  -0.199839  -0.0984396  0.893789  0.0913734  -0.169811  1.09044  0.0457149  -0.124862  0.920859  
-0.371744  -0.0892969  1.00978  -0.201159  -0.0990531  0.895167  0.0913426  -0.169895  1.09051  0.0459497  -0.12484  0.920888  
-0.371673  -0.0892235  1.00975  -0.201839  -0.0995914  0.896552  0.0913484  -0.169935  1.09055  0.0655505  -0.160502  0.861547  
-0.371715  -0.0892378  1.00981  -0.198879  -0.094582  0.886087  0.0913433  -0.169677  1.09038  0.0477999  -0.123762  0.920497  
-0.370955  -0.0897196  1.00975  -0.201691  -0.0979478  0.893233  0.0912152  -0.169276  1.09012  0.0661444  -0.160435  0.865433  
-0.354259  -0.0842133  0.990425  -0.192075  -0.0179267  0.824437  0.0888601  -0.160294  1.08482  0.0638136  -0.124473  0.8489  
-0.328173  -0.0558861  0.979311  -0.173668  -0.00488384  0.817979  0.0935865  -0.150715  1.07948  0.0631188  -0.0837584  0.849821  
-0.319132  -0.0285194  0.973498  -0.163533  0.0316745  0.79901  0.0790678  -0.101788  1.05074  0.0223747  0.0121445  0.845683  
-0.308964  -0.0058434  0.964596  -0.179179  0.0649226  0.773751  0.0826416  -0.0605167  1.01283  0.0259643  0.0395048  0.80057  
-0.307749  0.00470165  0.965278  -0.170982  0.0526915  0.772278  0.0849376  -0.0492368  1.00745  0.0184147  0.0242753  0.787418  
-0.326571  -0.0229556  0.969842  -0.159833  0.000247397  0.815835  0.0951671  -0.0908937  1.02214  0.0498397  -0.0446261  0.852818  
-0.353404  -0.0678615  0.99731  -0.213017  -0.0256077  0.891558  0.108107  -0.13526  1.08073  0.0568737  -0.115042  0.861231  
-0.369547  -0.0862723  1.02279  -0.221437  -0.0523197  0.925212  0.112074  -0.150169  1.09493  0.0314118  -0.0820217  0.94792  
-0.389328  -0.108775  1.05059  -0.206262  -0.0855525  0.948597  0.126532  -0.177877  1.12711  0.041365  -0.103629  0.985835  
-0.448807  -0.148214  1.12667  -0.29059  -0.155918  1.04103  0.147266  -0.212672  1.19713  0.022693  -0.129591  1.01352  
