-0.334078  -0.0852267  1.08799  -0.185391  -0.103204  0.900163  0.0761338  -0.150268  1.10951  0.00251791  -0.139162  0.880672  
-0.33706  -0.0850781  1.08813  -0.19879  -0.106308  0.901356  0.0923109  -0.158176  1.11848  0.0104565  -0.148767  0.892384  
-0.337491  -0.085012  1.08816  -0.202973  -0.106667  0.901183  0.0780129  -0.151767  1.11117  0.00357621  -0.143875  0.882466  
-0.337335  -0.0849904  1.08812  -0.201491  -0.106271  0.900507  0.0811894  -0.151712  1.11201  0.0057123  -0.142825  0.883678  
-0.337311  -0.0849978  1.08812  -0.203271  -0.10642  0.900344  0.097023  -0.153122  1.11763  0.0139872  -0.143321  0.891976  
-0.337103  -0.0850192  1.08796  -0.197721  -0.105436  0.898935  0.121461  -0.149026  1.15797  0.0345109  -0.141654  0.933732  
-0.332734  -0.0858257  1.08781  -0.207043  -0.106443  0.898453  0.0942168  -0.152367  1.11624  0.0137589  -0.140411  0.889758  
-0.328431  -0.0828159  1.09571  -0.191223  -0.104959  0.899248  0.0581956  -0.124107  1.14092  -0.0266014  -0.158367  0.918322  
-0.332866  -0.0835862  1.09301  -0.203691  -0.108636  0.903119  0.00513454  -0.0940221  1.1234  -0.0428835  -0.147729  0.893762  
-0.331663  -0.0835729  1.09266  -0.163373  -0.0950128  0.921045  0.0485538  -0.130959  1.10087  -0.0307086  -0.160579  0.875538  
-0.333875  -0.0794731  1.08524  -0.207868  -0.103511  0.89487  0.0813986  -0.146809  1.1088  -0.0128403  -0.176514  0.889333  
-0.333869  -0.078047  1.08385  -0.207771  -0.103205  0.893862  0.0813897  -0.145295  1.10757  -0.0141745  -0.17587  0.888796  
-0.331107  -0.0693114  1.07145  -0.174208  -0.0743795  0.889012  0.049133  -0.118664  1.0841  -0.0292734  -0.15723  0.859789  
-0.331755  -0.0544832  1.04087  -0.172931  -0.0663788  0.860366  0.0797269  -0.123836  1.07  0.00633258  -0.128351  0.840827  
-0.324437  -0.0352532  0.999478  -0.167824  -0.0516242  0.817312  0.0781009  -0.105251  1.03449  -0.0113896  -0.12899  0.812219  
-0.31055  -0.018696  0.965972  -0.206984  -0.0270666  0.748935  0.0752848  -0.0774236  1.01161  0.0271849  -0.0713538  0.775922  
-0.273762  0.0509337  0.895486  -0.167845  0.120398  0.690476  0.0309049  0.0765819  0.913956  -0.0457287  0.0220401  0.692154  
-0.272437  0.064487  0.891002  -0.176532  0.096105  0.672451  0.0584155  0.0342233  0.922216  -0.0259011  0.0462313  0.696898  
-0.296919  0.0441255  0.882637  -0.187806  0.113159  0.679174  0.0689892  0.0350562  0.923061  0.0413168  0.0695467  0.686459  
-0.294128  0.0526376  0.881766  -0.110419  0.130812  0.74649  0.0598286  0.0686184  0.914128  -0.0212711  0.116151  0.692183  
-0.287565  0.0673993  0.888853  -0.180026  0.146137  0.687993  0.0609541  0.0700554  0.91453  -0.0303168  0.134264  0.700743  
-0.300362  0.0564691  0.942845  -0.179594  0.125758  0.746242  0.0666026  0.0317017  0.979805  -0.0038065  0.0928728  0.757718  
-0.307186  0.0440004  0.9619  -0.178901  0.104685  0.767292  0.0770668  -0.0263065  0.978726  0.000251127  0.0679755  0.770701  
-0.319114  0.0214102  0.979603  -0.179857  0.071428  0.789611  0.089237  -0.0590307  0.999078  0.0184315  0.0411602  0.791765  
-0.361696  -0.0565971  1.0361  -0.179549  -0.0164551  0.883968  0.105296  -0.122104  1.08491  -0.0582383  -0.0410162  0.928415  
-0.375582  -0.0957125  1.09621  -0.248469  -0.0668805  0.971286  0.106389  -0.138518  1.14914  0.0012847  -0.116294  0.93382  
-0.397762  -0.132721  1.11027  -0.256791  -0.105005  1.00139  0.123642  -0.167976  1.17369  0.00296729  -0.147031  0.966606  
