(58.9273, 120.059, 113.169)  (40.9456, 86.7899, 161.597)  (55.2065, 105.718, 161.114)  (66.5588, 105.371, 156.357)  (77.3102, 101.838, 151.576)  (85.5216, 91.5336, 146.196)  (-90.7681, 122.284, 95.2325)  (-76.2968, 103.919, 152.055)  (-88.0411, 123.379, 145.328)  (-99.4289, 122.993, 140.66)  (-110.626, 119.525, 136.983)  (-120.177, 109.177, 134.919)  
(58.8582, 120.386, 113.411)  (40.8522, 86.9548, 161.718)  (55.1261, 105.875, 161.303)  (66.4783, 105.537, 156.546)  (77.2274, 102.014, 151.753)  (85.4319, 91.7236, 146.335)  (-90.8351, 121.843, 95.8139)  (-76.1736, 103.053, 152.448)  (-87.9491, 122.557, 145.907)  (-99.3515, 122.2, 141.273)  (-110.559, 118.755, 137.605)  (-120.111, 108.418, 135.493)  
(56.976, 121.467, 108.903)  (37.6751, 85.1995, 154.593)  (52.7175, 103.494, 155.561)  (64.0391, 103.055, 150.74)  (74.6266, 99.4717, 145.642)  (82.3913, 89.2986, 139.415)  (-91.9213, 124.304, 97.0038)  (-77.452, 104.887, 153.476)  (-89.1515, 124.494, 147.108)  (-100.544, 124.221, 142.444)  (-111.753, 120.848, 138.715)  (-121.332, 110.563, 136.474)  
(59.8633, 135.863, 101.591)  (43.2328, 100.507, 149.014)  (56.8759, 119.892, 149.069)  (68.2064, 120.062, 144.252)  (79.0384, 117.032, 139.311)  (87.5458, 107.174, 133.565)  (-91.0299, 143.296, 81.8287)  (-76.1604, 121.687, 137.393)  (-88.2506, 141.32, 131.894)  (-99.6367, 141.027, 127.216)  (-110.777, 137.6, 123.333)  (-120.15, 127.235, 120.633)  
(62.8863, 150.312, 85.5446)  (49.1785, 116.501, 134.985)  (62.5868, 136.003, 133.641)  (73.6449, 136.109, 128.226)  (84.2346, 133.007, 122.825)  (92.5373, 123.033, 116.983)  (-94.1957, 159.663, 66.0803)  (-82.7812, 138.284, 122.544)  (-93.7986, 158.303, 116.242)  (-104.961, 158.398, 111.044)  (-116.042, 155.364, 106.692)  (-125.694, 145.344, 103.691)  
(60.9526, 167.654, 57.6878)  (45.3454, 133.292, 106.176)  (59.658, 152.171, 105.403)  (70.7456, 151.895, 100.055)  (81.2156, 148.438, 94.6367)  (89.0834, 138.236, 88.5899)  (-98.3947, 175.594, 51.0642)  (-90.9448, 155.05, 108.492)  (-101.304, 175.069, 101.158)  (-112.1, 175.187, 95.2366)  (-122.904, 172.191, 90.2148)  (-132.448, 162.218, 86.7462)  
(61.2417, 173.31, 48.3011)  (44.9561, 138.264, 96.072)  (59.2516, 157.17, 95.7744)  (70.4188, 156.982, 90.5902)  (80.9741, 153.612, 85.2834)  (88.9466, 143.503, 79.216)  (-99.085, 185.279, 41.2504)  (-92.0457, 164.746, 98.7334)  (-102.663, 184.592, 91.2992)  (-113.377, 184.529, 85.2317)  (-124.057, 181.351, 80.0577)  (-133.372, 171.217, 76.4403)  
(65.5587, 215.53, 1.52147)  (46.5452, 176.393, 44.9061)  (60.3043, 195.552, 47.2534)  (71.8432, 196.015, 42.9807)  (82.8678, 193.306, 38.285)  (91.56, 183.891, 32.0925)  (-82.0497, 231.231, -13.84)  (-64.8495, 200.823, 36.7071)  (-77.5724, 220.753, 35.0306)  (-89.0968, 220.94, 30.6981)  (-100.276, 217.913, 26.6012)  (-109.487, 207.901, 22.4184)  
(68.1732, 245.982, -24.134)  (48.8916, 203.729, 16.0947)  (61.7485, 223.231, 20.1293)  (73.434, 224.376, 16.4207)  (84.753, 222.362, 12.0905)  (94.0804, 213.653, 5.78808)  (-80.6557, 260.842, -40.8744)  (-62.1585, 225.227, 5.6537)  (-74.1537, 245.654, 6.50916)  (-85.8642, 246.647, 2.83562)  (-97.3454, 244.408, -0.919093)  (-107.141, 235.16, -5.50986)  
(68.3529, 261.758, -38.2607)  (48.7733, 218.184, 0.384175)  (60.7061, 238.065, 5.30898)  (72.5023, 239.69, 2.17379)  (84.0771, 238.153, -1.64626)  (94.0006, 229.89, -7.62901)  (-81.5545, 275.445, -50.217)  (-63.0947, 236.806, -6.15164)  (-73.8733, 257.795, -3.87445)  (-85.6573, 259.588, -6.96296)  (-97.398, 258.148, -10.2814)  (-107.888, 249.663, -14.8116)  
(69.8677, 269.406, -41.9268)  (50.6153, 225.418, -3.58756)  (62.4713, 245.312, 1.46627)  (74.2496, 247.018, -1.6926)  (85.8191, 245.568, -5.56216)  (95.7617, 237.402, -11.6456)  (-81.1594, 285.414, -57.6563)  (-62.203, 246.007, -14.4915)  (-73.7631, 266.52, -11.76)  (-85.5408, 268.002, -15.0321)  (-97.1558, 266.264, -18.6377)  (-107.247, 257.573, -23.6562)  
(72.001, 282.686, -46.6181)  (53.2397, 238.205, -8.60615)  (63.7223, 258.786, -3.27718)  (75.5361, 261.098, -5.86687)  (87.3497, 260.238, -9.12705)  (98.0194, 252.554, -14.574)  (-82.7699, 301.144, -62.2526)  (-62.7332, 259.868, -21.3836)  (-72.9364, 280.89, -17.4055)  (-84.832, 283.055, -19.7351)  (-96.7635, 282.004, -22.467)  (-107.658, 273.962, -26.8487)  
(72.4749, 293.031, -50.6578)  (52.9266, 248.342, -13.2916)  (63.6154, 268.734, -7.65376)  (75.4734, 270.934, -10.1367)  (87.2981, 269.971, -13.3269)  (97.9132, 262.224, -18.7905)  (-82.6127, 317.984, -75.5811)  (-63.4674, 277.961, -33.0718)  (-73.6804, 299.122, -29.9457)  (-85.5238, 301.242, -32.5649)  (-97.4052, 300.134, -35.4864)  (-108.24, 291.985, -39.8183)  
(71.2759, 301.919, -55.7955)  (51.9682, 260.376, -14.8463)  (63.1697, 280.901, -10.9549)  (74.9922, 282.686, -13.8973)  (86.7058, 281.267, -17.3189)  (97.027, 272.944, -22.493)  (-82.2187, 321.611, -78.502)  (-63.498, 284.886, -32.9354)  (-73.421, 306.366, -31.5088)  (-85.2418, 308.427, -34.2727)  (-97.1443, 307.247, -37.0778)  (-108.097, 298.922, -40.7232)  
(71.0037, 302.436, -55.2133)  (51.83, 262.34, -12.7857)  (63.2857, 282.855, -9.65932)  (75.0853, 284.429, -12.8074)  (86.7377, 282.787, -16.3366)  (96.9059, 274.207, -21.3917)  (-81.8621, 321.683, -78.3488)  (-63.2321, 286.302, -31.6954)  (-73.0215, 307.876, -30.9213)  (-84.8376, 309.921, -33.7172)  (-96.755, 308.726, -36.4518)  (-107.768, 300.357, -39.8031)  
(68.5001, 289.705, -45.3901)  (51.4198, 264.806, 8.12399)  (62.7497, 285.266, 4.26256)  (74.4018, 285.772, 0.314285)  (85.9294, 283.103, -2.99093)  (95.9955, 273.367, -5.53043)  (-76.965, 309.902, -72.4417)  (-60.8216, 286.199, -18.0998)  (-68.3209, 308.136, -23.0421)  (-79.9353, 310.619, -26.2914)  (-91.9814, 310.02, -28.6291)  (-103.881, 302.283, -29.6727)  
(67.1469, 275.699, -35.1285)  (49.4335, 254.965, 19.9332)  (59.669, 275.641, 14.4925)  (71.4202, 276.506, 10.918)  (83.2106, 274.271, 8.28776)  (93.9343, 264.995, 7.0564)  (-77.4897, 299.582, -60.6516)  (-57.4273, 270.863, -10.1719)  (-65.596, 293.009, -12.3453)  (-77.438, 295.539, -14.5772)  (-89.5999, 294.903, -16.1937)  (-101.413, 287.038, -17.2692)  
(67.8376, 256.258, -3.64733)  (43.984, 222.909, 42.1167)  (53.0721, 244.787, 42.9205)  (65.1043, 247.042, 41.5942)  (77.3048, 246.071, 40.5301)  (88.8605, 237.878, 39.1534)  (-85.3962, 269.904, -27.3383)  (-65.6511, 251.785, 27.9548)  (-75.0469, 272.626, 21.6886)  (-86.9223, 273.94, 18.7113)  (-98.9504, 272.228, 16.8876)  (-110.216, 263.532, 16.8778)  
(63.6963, 241.673, 13.1066)  (42.9379, 210.035, 61.5172)  (50.9506, 232.33, 60.7345)  (62.81, 235.072, 58.876)  (75.0053, 234.621, 57.4623)  (86.9055, 226.92, 56.1809)  (-84.2341, 247.282, -1.08671)  (-67.5881, 232.836, 56.2691)  (-78.0629, 252.601, 48.4287)  (-89.7303, 252.834, 44.5)  (-101.404, 250.083, 41.8367)  (-111.915, 240.501, 41.3335)  
(57.2235, 214.882, 45.537)  (39, 187.113, 97.2308)  (45.9929, 209.553, 94.1541)  (57.6731, 212.604, 91.73)  (69.8411, 212.536, 90.038)  (82.0399, 205.258, 89.1628)  (-77.0219, 202.943, 42.6187)  (-63.1007, 196.165, 102.081)  (-73.2393, 214.662, 91.2657)  (-84.7061, 214.284, 86.7949)  (-96.2315, 211.11, 83.963)  (-106.683, 201.452, 84.2087)  
(60.6595, 177.688, 101.946)  (39.7127, 155.402, 155.238)  (48.3036, 176.997, 150.577)  (60.2058, 179.043, 148.175)  (72.3651, 178.01, 146.756)  (84.0385, 169.868, 146.712)  (-67.9749, 180.991, 86.1703)  (-69.0552, 169.711, 146.561)  (-77.0127, 188.762, 134.915)  (-86.9685, 188.452, 127.677)  (-97.2615, 185.22, 121.8)  (-106.985, 175.303, 118.69)  
(62.1832, 155.76, 136.55)  (45.028, 135.204, 191.855)  (52.1975, 156.947, 185.714)  (63.8434, 159.483, 182.622)  (75.9602, 159.013, 180.649)  (88.0453, 151.499, 180.422)  (-75.5285, 158.834, 126.526)  (-106.048, 141.73, 177.038)  (-109.87, 160.502, 163.078)  (-114.353, 159.49, 151.655)  (-119.329, 155.421, 141.186)  (-124.133, 144.578, 133.317)  
(63.1858, 154.307, 143.432)  (48.6303, 127.6, 196.821)  (53.9051, 150.318, 192.586)  (65.2556, 154.071, 189.637)  (77.338, 154.78, 187.529)  (89.9909, 148.341, 186.532)  (-76.3048, 158.217, 131.026)  (-106.779, 137.631, 180.25)  (-111.389, 156.647, 166.87)  (-115.585, 155.795, 155.325)  (-120.118, 151.83, 144.617)  (-124.143, 141.023, 136.276)  
















