(-93.9368, 138.442, 74.8159)  (-83.7215, 120.668, 125.898)  (-94.6964, 137.778, 119.757)  (-104.548, 137.087, 114.843)  (-114.146, 133.617, 110.727)  (-122.051, 124.011, 107.938)  (70.7996, 141.36, 93.4925)  (65.7954, 117.494, 148.248)  (73.3801, 138.511, 142.294)  (83.8461, 140.277, 136.67)  (94.7017, 138.988, 131.759)  (105.193, 130.719, 127.977)  
(-93.8731, 138.509, 74.973)  (-84.0841, 120.675, 126.118)  (-94.8566, 137.889, 119.91)  (-104.69, 137.294, 114.949)  (-114.303, 133.916, 110.79)  (-122.291, 124.388, 107.97)  (70.8273, 141.723, 94.2676)  (65.854, 118.17, 149.161)  (73.496, 139.129, 143.078)  (83.9565, 140.831, 137.424)  (94.7979, 139.479, 132.499)  (105.255, 131.155, 128.741)  
(-93.8396, 138.527, 74.988)  (-84.1303, 120.698, 126.15)  (-94.8556, 137.935, 119.925)  (-104.687, 137.362, 114.958)  (-114.305, 134.006, 110.793)  (-122.315, 124.496, 107.973)  (70.8715, 141.713, 94.3253)  (65.9445, 118.172, 149.228)  (73.5908, 139.126, 143.133)  (84.0462, 140.821, 137.468)  (94.8817, 139.463, 132.531)  (105.33, 131.133, 128.764)  
(-93.7399, 138.364, 74.9208)  (-84.1662, 120.474, 126.087)  (-94.7955, 137.768, 119.857)  (-104.626, 137.247, 114.881)  (-114.258, 133.943, 110.709)  (-122.316, 124.476, 107.88)  (70.8703, 141.615, 94.3684)  (66.0023, 118.091, 149.284)  (73.6662, 139.034, 143.173)  (84.1145, 140.715, 137.49)  (94.9401, 139.341, 132.536)  (105.371, 130.997, 128.752)  
(-93.7001, 138.146, 74.9248)  (-84.321, 120.334, 126.154)  (-94.8308, 137.679, 119.861)  (-104.657, 137.207, 114.871)  (-114.303, 133.952, 110.691)  (-122.416, 124.529, 107.875)  (70.799, 141.345, 94.4726)  (66.0791, 117.881, 149.427)  (73.7774, 138.798, 143.268)  (84.2082, 140.444, 137.543)  (95.0106, 139.036, 132.548)  (105.404, 130.659, 128.731)  
(-93.9076, 137.793, 74.9134)  (-84.8733, 120.103, 126.247)  (-95.2057, 137.515, 119.846)  (-105.017, 137.11, 114.822)  (-114.677, 133.924, 110.62)  (-122.863, 124.562, 107.812)  (70.8081, 140.994, 94.4393)  (66.3104, 117.511, 149.404)  (74.0358, 138.409, 143.217)  (84.4409, 140.029, 137.438)  (95.2129, 138.593, 132.385)  (105.562, 130.189, 128.509)  
(-94.0594, 137.552, 74.8299)  (-85.2626, 119.989, 126.248)  (-95.4892, 137.43, 119.759)  (-105.288, 137.058, 114.708)  (-114.951, 133.906, 110.489)  (-123.176, 124.576, 107.688)  (70.8254, 140.834, 94.3708)  (66.4542, 117.345, 149.343)  (74.1921, 138.233, 143.138)  (84.5826, 139.839, 137.329)  (95.3376, 138.389, 132.245)  (105.663, 129.971, 128.336)  
(-94.0741, 137.463, 74.7598)  (-85.3703, 119.997, 126.227)  (-95.5499, 137.447, 119.688)  (-105.344, 137.085, 114.628)  (-115.01, 133.947, 110.405)  (-123.254, 124.629, 107.617)  (70.7997, 140.691, 94.3019)  (66.5064, 117.211, 149.284)  (74.2631, 138.087, 143.062)  (84.6441, 139.677, 137.232)  (95.3863, 138.21, 132.125)  (105.691, 129.776, 128.196)  
(-93.221, 136.969, 74.3781)  (-84.9195, 119.948, 126.06)  (-94.8581, 137.452, 119.298)  (-104.638, 137.158, 114.206)  (-114.327, 134.094, 109.981)  (-122.675, 124.849, 107.262)  (70.4097, 139.739, 93.9357)  (66.1036, 116.542, 149.037)  (74.1127, 137.284, 142.686)  (84.4815, 138.706, 136.791)  (95.1734, 137.07, 131.63)  (105.338, 128.479, 127.678)  
(-92.1588, 137.005, 74.4925)  (-84.0675, 119.929, 126.19)  (-93.8994, 137.486, 119.409)  (-103.669, 137.243, 114.293)  (-113.364, 134.23, 110.045)  (-121.753, 125.03, 107.304)  (70.7359, 139.103, 94.0291)  (66.3934, 116.105, 149.211)  (74.5555, 136.761, 142.776)  (84.919, 138.08, 136.848)  (95.5825, 136.341, 131.663)  (105.665, 127.654, 127.707)  
(-91.0588, 142.622, 73.1697)  (-82.6058, 125.398, 124.76)  (-92.6079, 142.903, 118.094)  (-102.397, 142.603, 113.02)  (-112.086, 139.53, 108.801)  (-120.413, 130.273, 106.058)  (71.2621, 141.22, 93.5442)  (66.3227, 117.758, 148.48)  (74.4587, 138.507, 142.317)  (84.8915, 139.928, 136.536)  (95.6307, 138.285, 131.476)  (105.809, 129.682, 127.584)  
(-90.9968, 143.96, 72.8437)  (-82.6015, 126.686, 124.426)  (-92.5751, 144.209, 117.768)  (-102.361, 143.927, 112.687)  (-112.052, 140.87, 108.459)  (-120.39, 131.628, 105.703)  (71.324, 142.308, 93.3503)  (66.1847, 118.78, 148.239)  (74.298, 139.555, 142.134)  (84.7543, 141.008, 136.404)  (95.5211, 139.397, 131.394)  (105.739, 130.823, 127.541)  
(-90.8766, 145.162, 72.3766)  (-82.6106, 127.728, 123.927)  (-92.5543, 145.28, 117.298)  (-102.329, 145.021, 112.194)  (-112.013, 141.985, 107.936)  (-120.353, 132.758, 105.135)  (71.3379, 143.433, 93.2102)  (66.0641, 119.946, 148.104)  (74.1678, 140.727, 142.005)  (84.6395, 142.188, 136.305)  (95.4236, 140.587, 131.329)  (105.665, 132.025, 127.515)  
(-90.5934, 145.945, 72.1348)  (-82.4443, 128.467, 123.688)  (-92.3304, 146.049, 117.053)  (-102.099, 145.819, 111.937)  (-111.786, 142.812, 107.665)  (-120.147, 133.609, 104.848)  (71.3533, 143.92, 93.1532)  (66.1022, 120.385, 148.029)  (74.1768, 141.182, 141.947)  (84.6475, 142.663, 136.25)  (95.435, 141.081, 131.275)  (105.69, 132.536, 127.457)  
(-89.7879, 149.383, 70.0982)  (-81.7391, 131.765, 121.62)  (-91.5974, 149.374, 115.014)  (-101.358, 149.166, 109.881)  (-111.041, 146.18, 105.586)  (-119.407, 136.992, 102.732)  (71.578, 145.219, 92.5359)  (66.0987, 121.834, 147.453)  (74.2304, 142.601, 141.346)  (84.723, 144.049, 135.681)  (95.5247, 142.436, 130.747)  (105.777, 133.863, 126.986)  
(-89.4799, 151.933, 67.8667)  (-81.2397, 133.699, 119.143)  (-91.1238, 151.384, 112.786)  (-100.904, 151.237, 107.687)  (-110.601, 148.301, 103.391)  (-118.977, 139.148, 100.459)  (71.8219, 145.6, 91.8445)  (66.1111, 121.973, 146.635)  (74.2765, 142.763, 140.653)  (84.7924, 144.232, 135.037)  (95.6132, 142.636, 130.139)  (105.877, 134.075, 126.381)  
(-88.633, 159.145, 63.004)  (-79.3687, 139.174, 113.451)  (-89.5555, 156.956, 107.894)  (-99.4129, 156.875, 102.945)  (-109.143, 153.979, 98.6964)  (-117.459, 144.837, 95.5635)  (73.6538, 149.142, 88.9358)  (67.5354, 125.538, 143.691)  (75.8304, 146.29, 137.756)  (86.3834, 147.71, 132.198)  (97.223, 146.064, 127.358)  (107.467, 137.456, 123.655)  
(-87.5049, 169.484, 56.5389)  (-78.7254, 148.572, 106.691)  (-88.893, 166.436, 101.366)  (-98.6978, 166.43, 96.3134)  (-108.377, 163.596, 91.9087)  (-116.638, 154.498, 88.5147)  (74.5929, 154.325, 83.4392)  (67.4799, 129.952, 137.736)  (76.1371, 150.675, 132.231)  (86.7757, 152.031, 126.821)  (97.6489, 150.307, 122.086)  (107.815, 141.613, 118.368)  
(-86.7498, 194.354, 36.7468)  (-76.8788, 168.791, 84.4831)  (-86.9312, 187.191, 81.1245)  (-96.8721, 187.768, 76.3798)  (-106.71, 185.468, 72.0164)  (-115.194, 176.822, 68.0409)  (76.8204, 175.605, 65.9881)  (69.6598, 147.877, 118.644)  (77.6494, 169.179, 114.51)  (88.3237, 171.224, 109.395)  (99.3331, 170.165, 104.78)  (109.873, 162.067, 100.767)  
(-87.0782, 213.749, 17.2509)  (-76.249, 184.429, 62.5575)  (-86.2526, 203.086, 60.9126)  (-96.2994, 204.087, 56.4711)  (-106.254, 202.189, 52.1791)  (-114.889, 193.928, 47.7378)  (77.2354, 197.242, 44.8771)  (67.4524, 165.676, 94.884)  (76.0268, 187.044, 92.74)  (86.933, 189.232, 88.2071)  (98.0917, 188.28, 83.9406)  (108.615, 180.276, 79.7026)  
(-87.7348, 242.199, -18.0009)  (-74.9393, 210.741, 25.3151)  (-85.4539, 229.186, 24.9659)  (-95.6398, 230.158, 20.8467)  (-105.656, 228.232, 16.7133)  (-114.196, 219.998, 12.0438)  (80.8172, 235.058, 5.99842)  (69.2118, 198.371, 51.9573)  (77.8838, 219.802, 52.4202)  (88.9479, 222.408, 48.5373)  (100.251, 221.861, 44.5916)  (110.91, 214.304, 39.8963)  
(-88.3049, 270.071, -65.253)  (-72.4112, 236.367, -24.7423)  (-83.3048, 254.542, -23.3654)  (-93.7273, 255.518, -26.8419)  (-103.922, 253.606, -30.5209)  (-112.544, 245.466, -35.2056)  (88.0395, 268.407, -49.679)  (72.7445, 227.637, -8.48808)  (81.6953, 248.72, -5.3112)  (93.0386, 251.449, -8.16835)  (104.576, 251.043, -11.3866)  (115.413, 243.75, -16.0917)  
(-88.3078, 274.19, -73.5295)  (-73.0655, 240.43, -32.8163)  (-83.8227, 258.695, -31.5711)  (-94.2043, 259.75, -35.1458)  (-104.379, 257.914, -38.9159)  (-113.024, 249.837, -43.6667)  (90.1695, 272.17, -57.5289)  (75.4171, 232.297, -15.276)  (84.5015, 253.401, -12.6743)  (95.8052, 256.025, -15.7763)  (107.284, 255.506, -19.1796)  (118.012, 248.076, -23.9193)  
(-90.9931, 274.719, -118.118)  (-77.4902, 251.555, -70.0478)  (-88.7076, 269.239, -73.5596)  (-98.8751, 269.093, -77.8337)  (-108.76, 266.097, -81.6311)  (-116.92, 256.857, -84.8838)  (95.7712, 278.308, -118.178)  (81.7513, 251.361, -66.5051)  (90.7944, 272.379, -69.8414)  (102.044, 274.063, -73.6995)  (113.477, 272.639, -76.9997)  (124.165, 264.201, -79.7055)  
(-92.0816, 273.321, -123.158)  (-80.2266, 258.527, -71.4834)  (-90.4855, 275.823, -78.3036)  (-100.608, 275.411, -82.6666)  (-110.599, 272.271, -86.0459)  (-119.195, 263.008, -87.7417)  (95.8442, 274.684, -125.879)  (83.1483, 257.812, -69.7819)  (91.9512, 277.871, -77.1865)  (103.102, 278.846, -81.5435)  (114.473, 276.874, -84.7766)  (125.166, 268.119, -86.0993)  
(-92.3797, 253.042, -124.288)  (-80.2892, 252.318, -70.5948)  (-90.1876, 267.428, -81.7564)  (-100.368, 266.142, -85.8019)  (-110.476, 262.487, -88.1682)  (-119.322, 253.35, -87.2771)  (99.1554, 259.314, -122.993)  (70.9448, 249.068, -71.1089)  (86.2306, 265.653, -76.2052)  (97.8773, 263.387, -78.0768)  (108.691, 258.278, -78.8426)  (116.62, 246.915, -77.9756)  
(-91.4694, 251.4, -122.859)  (-77.0736, 244.2, -70.2226)  (-86.9786, 260.743, -79.118)  (-97.3611, 260.191, -82.8013)  (-107.67, 257.093, -85.0907)  (-116.747, 248.144, -84.8296)  (95.081, 254.956, -118.417)  (68.0983, 239.046, -67.3131)  (82.5173, 256.715, -71.1373)  (94.2307, 255.175, -73.307)  (105.261, 250.673, -74.6074)  (113.726, 239.67, -74.7817)  
(-86.2653, 237.177, -89.7256)  (-65.4863, 226.085, -39.9779)  (-76.8284, 242.94, -46.1544)  (-87.5582, 242.315, -48.6338)  (-97.9795, 239.04, -49.9686)  (-106.714, 229.768, -49.4428)  (82.8595, 243.05, -89.6762)  (58.7847, 213.838, -43.2021)  (72.8942, 232.157, -43.0034)  (84.478, 231.457, -46.1027)  (95.4405, 227.657, -49.105)  (103.932, 217.241, -52.5928)  
(-84.0355, 224.479, -37.1318)  (-59.6471, 222.951, 12.1888)  (-72.2554, 237.996, 4.09017)  (-83.0675, 236.49, 2.50911)  (-93.3562, 232.584, 2.47556)  (-101.521, 223.167, 5.15677)  (83.5657, 233.974, -11.808)  (71.452, 211.892, 42.5834)  (87.0022, 227.944, 36.6497)  (96.9373, 225.358, 30.4135)  (105.951, 219.811, 24.792)  (111.706, 208.057, 20.1571)  
(-87.6987, 215.121, -5.6079)  (-53.0564, 217.717, 37.0866)  (-66.9817, 232.288, 30.4035)  (-77.8915, 230.993, 31.3857)  (-87.9748, 227.447, 34.0066)  (-95.4457, 218.621, 39.3756)  (76.912, 228.251, 8.22568)  (61.6216, 204.383, 61.0395)  (76.2765, 221.745, 56.7394)  (86.9325, 220.08, 51.4519)  (96.8623, 215.378, 46.6644)  (103.98, 204.209, 42.4988)  
(-96.4928, 186.351, 79.6176)  (-56.7067, 187.382, 117.639)  (-71.7296, 201.881, 113.769)  (-82.3866, 200.169, 116.041)  (-91.9579, 196.136, 119.68)  (-98.456, 186.749, 125.353)  (78.7911, 206.722, 90.2359)  (48.813, 190.521, 139.548)  (63.5162, 208.143, 136.722)  (75.328, 206.559, 135.221)  (86.3928, 202.008, 134.522)  (94.7992, 190.961, 134.741)  
(-107.634, 175.576, 120.776)  (-67.7731, 157.564, 154.188)  (-81.9967, 172.955, 157.608)  (-92.7261, 170.914, 159.151)  (-102.494, 166.138, 160.849)  (-109.48, 155.523, 161.889)  (82.29, 189.263, 132.387)  (52.2363, 168.178, 179.768)  (64.7559, 187.544, 178.058)  (76.731, 187.465, 177.125)  (88.2958, 184.33, 176.893)  (97.9887, 174.399, 177.308)  
(-109.87, 169.168, 133.622)  (-65.2687, 153.059, 161.566)  (-80.3046, 166.869, 167.405)  (-90.5935, 163.772, 169.898)  (-99.6803, 158.034, 172.268)  (-105.583, 146.783, 173.325)  (83.118, 184.66, 142.81)  (54.463, 162.384, 190.512)  (66.601, 181.993, 188.815)  (78.5529, 182.141, 187.627)  (90.1633, 179.216, 187.105)  (100.036, 169.455, 187.172)  
































