(76.3899, 144.634, 130.262)  (64.9889, 126.692, 187.912)  (78.4566, 144.694, 180.4)  (89.222, 143.004, 174.668)  (99.4963, 138.255, 169.891)  (107.412, 126.847, 166.771)  (-103.208, 150.588, 127.322)  (-95.6219, 134.514, 186.14)  (-105.076, 154.383, 177.325)  (-115.974, 154.589, 171.596)  (-127.024, 151.771, 167.026)  (-137.147, 142.073, 164.569)  
(76.532, 145.329, 130.794)  (65.2205, 127.813, 188.593)  (78.6238, 145.799, 180.93)  (89.3918, 144.099, 175.205)  (99.6797, 139.346, 170.461)  (107.632, 127.94, 167.428)  (-103.069, 149.991, 127.125)  (-95.3005, 133.819, 185.892)  (-104.892, 153.651, 177.139)  (-115.799, 153.802, 171.426)  (-126.837, 150.926, 166.864)  (-136.902, 141.171, 164.397)  
(76.5462, 145.322, 130.842)  (65.2386, 127.82, 188.646)  (78.6458, 145.801, 180.977)  (89.4126, 144.097, 175.251)  (99.6983, 139.341, 170.506)  (107.647, 127.931, 167.475)  (-103.065, 150.075, 127.118)  (-95.2812, 134.03, 185.918)  (-104.85, 153.854, 177.125)  (-115.761, 154.007, 171.419)  (-126.806, 151.136, 166.871)  (-136.886, 141.389, 164.433)  
(76.5611, 145.31, 130.881)  (65.2454, 127.84, 188.693)  (78.6592, 145.813, 181.016)  (89.4255, 144.102, 175.291)  (99.7097, 139.34, 170.549)  (107.655, 127.926, 167.523)  (-103.067, 150.069, 127.115)  (-95.2827, 134.039, 185.919)  (-104.846, 153.863, 177.121)  (-115.757, 154.019, 171.415)  (-126.804, 151.15, 166.87)  (-136.887, 141.405, 164.435)  
(76.6012, 145.203, 130.877)  (65.2953, 127.714, 188.685)  (78.7212, 145.679, 181.011)  (89.4836, 143.961, 175.281)  (99.7617, 139.193, 170.532)  (107.696, 127.774, 167.497)  (-103.068, 150.064, 127.112)  (-95.2837, 134.045, 185.92)  (-104.843, 153.87, 177.118)  (-115.754, 154.027, 171.413)  (-126.802, 151.159, 166.868)  (-136.888, 141.416, 164.437)  
(76.5026, 145.58, 131.651)  (65.0818, 128.989, 189.701)  (78.5593, 146.805, 181.775)  (89.325, 144.977, 176.085)  (99.5981, 140.114, 171.423)  (107.509, 128.632, 168.57)  (-103.098, 150.12, 127.069)  (-95.3887, 134.221, 185.918)  (-104.901, 154.045, 177.064)  (-115.808, 154.211, 171.351)  (-126.858, 151.355, 166.805)  (-136.962, 141.628, 164.389)  
(76.419, 145.474, 131.815)  (64.9239, 128.998, 189.883)  (78.4459, 146.773, 181.938)  (89.2113, 144.912, 176.259)  (99.4765, 140.019, 171.61)  (107.364, 128.515, 168.781)  (-103.134, 150.419, 127.095)  (-95.5202, 134.676, 185.999)  (-105.007, 154.482, 177.077)  (-115.905, 154.639, 171.348)  (-126.951, 151.779, 166.794)  (-137.058, 142.051, 164.389)  
(76.5632, 144.79, 131.812)  (65.1556, 127.988, 189.803)  (78.715, 145.769, 181.937)  (89.4606, 143.909, 176.22)  (99.6991, 139.013, 171.516)  (107.543, 127.502, 168.596)  (-103.127, 150.571, 127.121)  (-95.5505, 134.853, 186.036)  (-105.039, 154.652, 177.1)  (-115.933, 154.802, 171.362)  (-126.974, 151.935, 166.801)  (-137.075, 142.202, 164.393)  
(76.5603, 144.711, 131.829)  (65.1468, 127.855, 189.804)  (78.7179, 145.634, 181.956)  (89.4616, 143.773, 176.235)  (99.6961, 138.875, 171.525)  (107.532, 127.362, 168.591)  (-103.125, 150.941, 127.327)  (-95.5637, 135.32, 186.27)  (-105.048, 155.105, 177.298)  (-115.941, 155.247, 171.558)  (-126.981, 152.374, 166.999)  (-137.082, 142.638, 164.605)  
(76.2829, 145.753, 132.704)  (64.6397, 129.755, 190.875)  (78.196, 147.453, 182.819)  (88.9726, 145.537, 177.179)  (99.2441, 140.598, 172.594)  (107.128, 129.065, 169.875)  (-103.065, 151.396, 127.935)  (-95.3735, 135.59, 186.812)  (-104.947, 155.369, 177.924)  (-115.847, 155.489, 172.197)  (-126.881, 152.588, 167.64)  (-136.946, 142.821, 165.221)  
(76.2257, 145.8, 132.755)  (64.5506, 129.837, 190.93)  (78.1127, 147.529, 182.871)  (88.8921, 145.609, 177.238)  (99.1656, 140.666, 172.66)  (107.05, 129.13, 169.953)  (-102.86, 151.235, 128.302)  (-94.9116, 135.122, 187.062)  (-104.614, 154.903, 178.319)  (-115.532, 155, 172.625)  (-126.564, 152.068, 168.083)  (-136.585, 142.263, 165.636)  
(76.1108, 145.939, 132.611)  (64.3786, 129.964, 190.771)  (77.9531, 147.654, 182.729)  (88.737, 145.732, 177.105)  (99.0132, 140.788, 172.536)  (106.897, 129.251, 169.832)  (-102.723, 152.229, 129.241)  (-94.5376, 136.394, 188.043)  (-104.306, 156.119, 179.246)  (-115.244, 156.171, 173.591)  (-126.287, 153.2, 169.102)  (-136.3, 143.367, 166.735)  
(76.0941, 145.908, 132.489)  (64.3451, 129.818, 190.614)  (77.9365, 147.512, 182.611)  (88.7188, 145.592, 176.983)  (98.9904, 140.648, 172.403)  (106.863, 129.109, 169.675)  (-102.712, 152.298, 129.271)  (-94.5071, 136.471, 188.072)  (-104.286, 156.191, 179.276)  (-115.225, 156.238, 173.623)  (-126.267, 153.262, 169.136)  (-136.277, 143.424, 166.772)  
(76.2612, 145.734, 132.324)  (64.5807, 129.366, 190.385)  (78.1843, 147.082, 182.45)  (88.955, 145.176, 176.795)  (99.2126, 140.24, 172.174)  (107.065, 128.705, 169.375)  (-102.648, 152.268, 129.084)  (-94.4009, 136.194, 187.812)  (-104.218, 155.935, 179.106)  (-115.158, 155.987, 173.455)  (-126.197, 153.011, 168.958)  (-136.188, 143.165, 166.552)  
(76.4324, 145.753, 132.358)  (64.6927, 129.288, 190.38)  (78.3254, 147.001, 182.488)  (89.0972, 145.091, 176.837)  (99.3509, 140.15, 172.213)  (107.189, 128.61, 169.396)  (-102.598, 152.453, 128.98)  (-94.4423, 136.402, 187.727)  (-104.171, 156.177, 178.998)  (-115.108, 156.27, 173.343)  (-126.158, 153.338, 168.845)  (-136.191, 143.533, 166.445)  
(77.0306, 146.528, 133.188)  (65.3478, 130.903, 191.453)  (78.9557, 148.513, 183.293)  (89.7258, 146.532, 177.663)  (99.9819, 141.536, 173.105)  (107.831, 129.964, 170.452)  (-102.777, 153.403, 128.807)  (-95.121, 138.09, 187.818)  (-104.63, 157.823, 178.759)  (-115.531, 157.93, 173.034)  (-126.576, 155.027, 168.506)  (-136.675, 145.273, 166.177)  
(77.0094, 146.216, 133.037)  (65.2426, 130.41, 191.236)  (78.9252, 147.996, 183.15)  (89.6891, 145.994, 177.516)  (99.9262, 140.973, 172.942)  (107.729, 129.38, 170.247)  (-102.77, 153.33, 128.802)  (-95.1298, 137.97, 187.804)  (-104.643, 157.706, 178.757)  (-115.542, 157.813, 173.029)  (-126.585, 154.91, 168.494)  (-136.679, 145.154, 166.152)  
(77.3511, 146.888, 132.645)  (65.4841, 131.227, 190.864)  (79.1636, 148.807, 182.757)  (89.941, 146.801, 177.15)  (100.193, 141.779, 172.61)  (108.014, 130.187, 169.962)  (-102.257, 152.652, 128.447)  (-94.2399, 136.402, 187.159)  (-103.905, 156.227, 178.474)  (-114.833, 156.365, 172.801)  (-125.882, 153.473, 168.275)  (-135.935, 143.7, 165.828)  
(77.3923, 146.876, 132.558)  (65.527, 131.154, 190.76)  (79.2095, 148.739, 182.671)  (89.986, 146.737, 177.061)  (100.237, 141.718, 172.515)  (108.055, 130.127, 169.854)  (-102.191, 152.553, 128.624)  (-94.0582, 136.1, 187.264)  (-103.761, 155.945, 178.666)  (-114.698, 156.091, 173.012)  (-125.751, 153.202, 168.493)  (-135.797, 143.427, 166.028)  
(77.8328, 146.96, 131.508)  (66.0878, 130.392, 189.499)  (79.7991, 148.058, 181.638)  (90.5535, 146.109, 175.967)  (100.776, 141.13, 171.315)  (108.552, 129.558, 168.456)  (-102.33, 152.823, 128.661)  (-94.0902, 136.328, 187.274)  (-103.875, 156.147, 178.709)  (-114.817, 156.258, 173.063)  (-125.862, 153.333, 168.549)  (-135.873, 143.522, 166.079)  
(78.139, 147.562, 129.866)  (66.4247, 130.433, 187.701)  (80.0963, 148.202, 180.005)  (90.8559, 146.331, 174.318)  (101.09, 141.418, 169.622)  (108.894, 129.891, 166.657)  (-102.782, 154.721, 127.924)  (-94.6633, 139.007, 186.768)  (-104.519, 158.665, 177.92)  (-115.441, 158.649, 172.236)  (-126.456, 155.61, 167.721)  (-136.407, 145.718, 165.341)  
(78.3387, 150.44, 121.823)  (66.5408, 132.264, 179.32)  (80.1113, 150.257, 171.973)  (90.9045, 148.558, 166.295)  (101.191, 143.798, 161.556)  (109.088, 132.378, 158.428)  (-103.834, 158.443, 120.777)  (-96.0353, 143.959, 179.979)  (-106.403, 163.137, 170.672)  (-117.238, 162.669, 164.841)  (-128.082, 159.197, 160.229)  (-137.67, 148.945, 157.879)  
(78.1594, 154.678, 113.113)  (66.6768, 137.375, 170.942)  (80.1602, 155.289, 163.251)  (90.9326, 153.532, 157.551)  (101.212, 148.728, 152.84)  (109.128, 137.284, 149.856)  (-106.95, 159.659, 111.335)  (-101.97, 144.971, 170.79)  (-111.867, 164.192, 161.069)  (-122.415, 163.755, 154.731)  (-133.033, 160.311, 149.601)  (-142.51, 150.078, 146.766)  
(77.2593, 160.729, 97.5658)  (65.8576, 143.651, 155.477)  (79.1409, 161.678, 147.703)  (89.9463, 160.016, 142.037)  (100.293, 155.307, 137.379)  (108.354, 143.94, 134.484)  (-106.559, 164.147, 97.0025)  (-101.942, 149.356, 156.462)  (-111.886, 168.535, 146.707)  (-122.383, 168.046, 140.287)  (-132.939, 164.546, 135.068)  (-142.328, 154.26, 132.138)  
(76.9982, 164.547, 83.2111)  (65.1981, 145.93, 140.566)  (78.5177, 164.168, 133.368)  (89.3654, 162.667, 127.738)  (99.7505, 158.092, 123.032)  (107.844, 146.813, 119.895)  (-104.947, 169.406, 85.887)  (-99.7614, 155.649, 145.547)  (-110.193, 174.434, 135.539)  (-120.699, 173.598, 129.171)  (-131.188, 169.77, 124.049)  (-140.342, 159.22, 121.315)  
(83.4686, 185.005, 29.1453)  (69.9786, 156.633, 81.9516)  (83.0107, 176.136, 78.5344)  (94.1137, 175.867, 73.2175)  (104.812, 172.403, 68.2696)  (113.363, 162.014, 63.6333)  (-103.814, 192.767, 35.8155)  (-98.7363, 174.375, 94.2228)  (-109.773, 193.515, 85.6361)  (-120.17, 192.813, 79.0781)  (-130.451, 189.028, 73.5185)  (-139.166, 178.404, 69.8105)  
(87.5459, 201.637, -10.6771)  (71.7549, 167.509, 37.9169)  (85.2027, 187.019, 37.2703)  (96.4812, 187.16, 32.3315)  (107.292, 184.093, 27.3668)  (115.839, 174.157, 21.8193)  (-92.3129, 208.419, -4.52986)  (-78.8341, 181.185, 48.8752)  (-92.4545, 200.189, 44.9717)  (-103.443, 199.475, 39.4623)  (-113.926, 195.587, 34.3708)  (-122.035, 184.855, 29.7197)  
(91.6488, 210.356, -36.6838)  (74.2147, 172.327, 8.31909)  (87.5296, 191.883, 9.79092)  (98.9925, 192.473, 5.33338)  (110.013, 189.867, 0.571626)  (118.847, 180.451, -5.41696)  (-87.4753, 221.051, -33.9448)  (-69.8039, 188.058, 14.7856)  (-84.5256, 206.621, 14.0263)  (-95.7498, 206.005, 9.00093)  (-106.292, 202.219, 3.95466)  (-114.11, 191.732, -1.65361)  
(90.7702, 215.569, -72.1814)  (69.6397, 177.291, -29.0103)  (83.8171, 196.115, -26.4504)  (95.4715, 196.25, -30.4218)  (106.542, 193.224, -34.805)  (115.15, 183.54, -40.6939)  (-82.6702, 231.864, -63.5977)  (-57.7534, 194.205, -21.9278)  (-73.5928, 211.528, -18.6286)  (-85.2401, 210.723, -22.5414)  (-96.0164, 206.84, -26.9822)  (-103.736, 196.613, -33.1786)  
(88.5763, 226.087, -83.7743)  (68.7653, 178.418, -50.4488)  (81.2836, 197.255, -43.3554)  (93.0463, 199.007, -46.5468)  (104.496, 197.716, -50.8092)  (114.084, 190.061, -58.0221)  (-83.1299, 238.166, -76.6312)  (-59.0055, 199.163, -35.7379)  (-74.0905, 217.064, -32.009)  (-85.826, 216.753, -35.7239)  (-96.8217, 213.339, -40.0092)  (-105.043, 203.483, -46.1591)  
(90.3042, 238.615, -107.532)  (60.2196, 227.222, -55.1814)  (77.283, 243.157, -59.2829)  (89.0024, 239.974, -61.3189)  (99.621, 233.893, -62.4104)  (106.748, 221.575, -62.2446)  (-83.8134, 239.838, -93.8157)  (-69.8021, 238.867, -33.9975)  (-82.3141, 255.023, -46.0108)  (-93.5577, 252.745, -50.4841)  (-104.485, 247.801, -53.1423)  (-113.473, 236.797, -52.3093)  
(81.2674, 230.74, -71.3113)  (49.1385, 194.22, -33.7692)  (64.454, 211.42, -28.1586)  (76.5801, 210.399, -30.0386)  (87.8906, 206.302, -32.5309)  (96.3884, 195.863, -37.1553)  (-85.0384, 227.324, -76.3805)  (-68.4386, 223.287, -17.3583)  (-79.1329, 241.249, -28.5331)  (-90.7866, 240.642, -32.4625)  (-102.413, 237.315, -34.627)  (-112.8, 227.653, -33.4749)  
(73.1859, 222.673, -50.8908)  (38.7741, 189.584, -12.207)  (54.1893, 206.884, -7.21021)  (66.3601, 205.518, -8.48434)  (77.679, 201.053, -10.1791)  (86.148, 190.156, -13.6569)  (-85.7642, 216.133, -50.7908)  (-69.1099, 212.884, 8.26467)  (-79.1075, 230.986, -3.32255)  (-90.7917, 230.757, -7.20133)  (-102.553, 227.855, -9.24822)  (-113.32, 218.657, -7.8255)  
(62.4966, 187.17, 22.6221)  (13.0214, 181.317, 58.5856)  (29.6647, 198.191, 58.9366)  (41.1972, 196.079, 62.6988)  (51.4191, 191.16, 67.415)  (58.1469, 179.943, 73.0258)  (-80.8361, 191.45, 9.92598)  (-65.9861, 193.409, 69.5172)  (-75.2411, 210.538, 55.9966)  (-86.8094, 210.173, 51.7945)  (-98.5666, 207.319, 49.661)  (-109.57, 198.502, 51.595)  
(60.9385, 182.199, 64.0422)  (8.84554, 174.49, 95.7017)  (25.4248, 191.226, 98.3268)  (36.6332, 188.835, 102.829)  (46.4595, 183.591, 108.013)  (52.7291, 172.027, 113.447)  (-86.646, 177.062, 64.7088)  (-71.5109, 182.719, 123.991)  (-81.8452, 198.619, 109.769)  (-93.4022, 197.384, 105.703)  (-104.988, 193.755, 103.824)  (-115.445, 184.418, 106.281)  
(62.2573, 175.09, 110.421)  (8.20624, 170.09, 139.212)  (25.7603, 185.499, 143.25)  (36.5298, 182.162, 148.2)  (45.688, 176.059, 153.659)  (50.848, 163.901, 158.963)  (-96.0502, 168.826, 117.904)  (-82.5328, 165.678, 177.761)  (-92.3158, 183.598, 165.716)  (-103.765, 183.115, 161.211)  (-115.327, 179.949, 158.521)  (-125.935, 170.495, 159.327)  
(68.05, 165.339, 165.138)  (15.5321, 153.075, 194.581)  (31.9172, 169.415, 199.72)  (43.0737, 166.512, 204.048)  (52.863, 160.683, 208.643)  (59.1487, 148.534, 212.573)  (-91.2841, 164.174, 152.333)  (-83.905, 140.037, 208.354)  (-90.9956, 161.874, 202.46)  (-101.958, 164.149, 197.336)  (-113.425, 163.322, 193.004)  (-124.792, 155.342, 189.895)  



























