(61.981, 83.5743, 111.939)  (35.1826, 28.2872, 112.749)  (44.7415, 40.37, 130.764)  (56.8736, 42.1551, 131.878)  (69.0844, 41.7761, 130.581)  (80.4939, 37.3229, 123.332)  (-107.355, 141.601, 168.818)  (-99.7496, 121.914, 226.523)  (-107.132, 143.137, 218.974)  (-118.115, 144.86, 213.682)  (-129.56, 143.545, 209.416)  (-140.809, 135.193, 206.915)  
(62.4194, 83.7308, 111.663)  (35.7491, 28.3779, 112.126)  (45.2615, 40.3786, 130.22)  (57.3883, 42.1855, 131.357)  (69.6012, 41.8423, 130.07)  (81.0284, 37.4575, 122.807)  (-107.272, 141.471, 168.69)  (-99.6667, 121.899, 226.434)  (-107.056, 143.104, 218.843)  (-118.039, 144.812, 213.545)  (-129.483, 143.484, 209.28)  (-140.729, 135.122, 206.795)  
(62.5234, 83.7331, 111.649)  (35.8049, 28.4028, 112.039)  (45.3014, 40.3841, 130.154)  (57.428, 42.1798, 131.31)  (69.6425, 41.827, 130.041)  (81.0764, 37.4369, 122.792)  (-107.171, 141.311, 168.637)  (-99.5518, 121.929, 226.444)  (-106.976, 143.097, 218.786)  (-117.96, 144.771, 213.479)  (-129.401, 143.409, 209.214)  (-140.63, 135.02, 206.75)  
(62.6473, 83.7181, 111.632)  (35.8753, 28.4132, 111.945)  (45.3643, 40.3692, 130.081)  (57.4915, 42.1523, 131.251)  (69.7069, 41.7888, 129.994)  (81.1442, 37.3942, 122.753)  (-106.977, 141.849, 168.765)  (-99.2934, 123.084, 226.767)  (-106.728, 144.169, 218.891)  (-117.718, 145.785, 213.578)  (-129.163, 144.376, 209.34)  (-140.394, 135.961, 206.978)  
(62.9328, 83.7279, 111.549)  (36.0519, 28.4751, 111.666)  (45.5205, 40.3695, 129.852)  (57.6483, 42.1259, 131.056)  (69.866, 41.7414, 129.828)  (81.3121, 37.3416, 122.604)  (-106.935, 141.887, 168.762)  (-99.274, 123.259, 226.811)  (-106.714, 144.322, 218.883)  (-117.702, 145.921, 213.561)  (-129.144, 144.497, 209.32)  (-140.37, 136.071, 206.971)  
(63.3809, 83.9238, 111.496)  (36.4791, 28.681, 111.547)  (45.9369, 40.5573, 129.751)  (58.0643, 42.3082, 130.966)  (70.2829, 41.9201, 129.748)  (81.7334, 37.5217, 122.53)  (-106.901, 141.885, 168.744)  (-99.2643, 123.335, 226.82)  (-106.71, 144.384, 218.861)  (-117.696, 145.97, 213.531)  (-129.134, 144.536, 209.285)  (-140.355, 136.101, 206.94)  
(63.8114, 84.4012, 111.54)  (36.7437, 29.2396, 111.586)  (46.2316, 41.0888, 129.792)  (58.3639, 42.8033, 131.011)  (70.5816, 42.3784, 129.796)  (82.021, 37.945, 122.582)  (-106.4, 142.203, 168.729)  (-98.7133, 124.321, 227.009)  (-106.177, 145.274, 218.815)  (-117.167, 146.793, 213.474)  (-128.607, 145.304, 209.253)  (-139.825, 136.836, 207.012)  
(64.1665, 84.696, 111.649)  (37.0706, 29.5483, 111.753)  (46.5544, 41.4168, 129.949)  (58.6868, 43.1268, 131.172)  (70.905, 42.694, 129.965)  (82.3462, 38.2453, 122.763)  (-106.148, 142.494, 168.692)  (-98.5233, 125.153, 227.143)  (-105.944, 146.041, 218.747)  (-116.928, 147.53, 213.387)  (-128.369, 146.022, 209.174)  (-139.602, 137.554, 207.008)  
(64.2486, 85.7524, 112.214)  (37.2072, 30.5796, 112.653)  (46.7411, 42.5372, 130.764)  (58.876, 44.2642, 131.938)  (71.0904, 43.8379, 130.691)  (82.5115, 39.3686, 123.47)  (-106.093, 142.545, 168.645)  (-98.5361, 125.38, 227.157)  (-105.929, 146.248, 218.689)  (-116.908, 147.731, 213.314)  (-128.347, 146.22, 209.096)  (-139.585, 137.757, 206.947)  
(63.9297, 87.2692, 113.092)  (36.8554, 32.1264, 114.403)  (46.4425, 44.3405, 132.314)  (58.5814, 46.0765, 133.433)  (70.7924, 45.6241, 132.161)  (82.1923, 41.0424, 124.977)  (-106.021, 142.493, 168.569)  (-98.4652, 125.408, 227.104)  (-105.837, 146.272, 218.607)  (-116.815, 147.759, 213.233)  (-128.258, 146.255, 209.021)  (-139.506, 137.801, 206.888)  
(61.7947, 101.789, 115.988)  (34.6755, 47.831, 127.325)  (44.9775, 62.7241, 142.62)  (57.1543, 64.517, 142.978)  (69.3056, 63.7601, 141.334)  (80.408, 57.971, 134.568)  (-106.656, 145.919, 165.285)  (-99.1928, 132.601, 224.802)  (-106.567, 152.875, 214.981)  (-117.537, 154.006, 209.504)  (-128.97, 152.226, 205.376)  (-140.207, 143.643, 203.765)  
(61.3153, 103.947, 114.868)  (34.6434, 49.9001, 126.825)  (44.8643, 65.0301, 141.941)  (57.0276, 66.9212, 142.252)  (69.1806, 66.2416, 140.587)  (80.3121, 60.4693, 133.854)  (-106.344, 146.7, 164.002)  (-98.7151, 134.101, 223.654)  (-106.181, 154.233, 213.613)  (-117.165, 155.262, 208.146)  (-128.6, 153.394, 204.062)  (-139.81, 144.753, 202.574)  
(59.3881, 119.358, 95.0879)  (32.134, 68.4012, 115.972)  (43.6959, 85.0849, 128.213)  (55.8993, 86.5772, 127.53)  (67.8986, 85.2558, 125.249)  (78.4203, 78.2374, 118.723)  (-103.354, 143.857, 127.623)  (-92.0547, 128.145, 185.94)  (-100.6, 148.582, 177.505)  (-111.898, 149.593, 172.714)  (-123.492, 147.622, 169.16)  (-134.536, 138.752, 167.788)  
(59.5728, 121.165, 87.8949)  (32.1348, 72.0886, 112.677)  (44.2468, 89.3325, 123.532)  (56.4488, 90.5825, 122.451)  (68.3651, 88.9262, 119.964)  (78.6133, 81.338, 113.643)  (-103.061, 142.161, 119.06)  (-91.0689, 124.289, 176.612)  (-99.2359, 145.2, 169.003)  (-110.593, 146.654, 164.472)  (-122.299, 145.095, 161.087)  (-133.596, 136.559, 159.654)  
(64.9961, 124.062, 31.4474)  (42.8425, 77.1583, 64.3831)  (54.9296, 96.1157, 71.8931)  (66.8847, 97.7735, 69.4547)  (78.5875, 96.3663, 65.9915)  (88.6062, 88.5381, 59.596)  (-106.428, 146.544, 48.076)  (-97.682, 127.62, 105.875)  (-105.389, 148.681, 98.2002)  (-116.474, 150.239, 93.071)  (-127.975, 148.766, 89.0121)  (-139.185, 140.28, 86.7982)  
(66.408, 155.63, -53.2772)  (44.2138, 116.454, -11.4675)  (59.1029, 134.623, -8.29408)  (70.722, 134.488, -12.3678)  (81.6366, 131.234, -16.9735)  (89.8298, 121.483, -23.3258)  (-106.371, 175.385, -39.9001)  (-101.41, 151.111, 16.327)  (-107.795, 173.103, 10.2083)  (-118.526, 175.629, 4.72415)  (-129.859, 175.065, 0.0149852)  (-141.298, 167.349, -3.47044)  
(65.724, 161.949, -63.7476)  (42.2587, 119.767, -25.7276)  (56.7032, 137.865, -20.6577)  (68.4967, 138.15, -24.1862)  (79.6592, 135.35, -28.4862)  (88.2842, 126.153, -35.0877)  (-102.495, 187.961, -53.7633)  (-90.2486, 154.701, -3.57187)  (-99.2124, 176.598, -4.9964)  (-110.582, 178.873, -9.14121)  (-122.185, 177.921, -13.0634)  (-133.106, 169.747, -17.1193)  
(65.5508, 193.616, -94.7067)  (43.755, 157.384, -50.1236)  (59.4836, 175.042, -48.4859)  (70.8896, 174.232, -53.0538)  (81.4441, 170.314, -57.9713)  (88.9442, 159.945, -64.1989)  (-91.8605, 217.936, -78.7655)  (-70.4552, 172.205, -43.7529)  (-81.2022, 192.227, -37.0094)  (-93.1663, 194.349, -39.0027)  (-105.081, 193.336, -41.8192)  (-115.779, 185.642, -47.1961)  
(65.3382, 240.733, -92.8436)  (63.9809, 203.363, -44.0874)  (76.0075, 223.595, -46.902)  (85.6199, 224.61, -54.5301)  (94.9041, 222.403, -62.267)  (102.131, 213.249, -70.4238)  (-89.4768, 288.444, -99.7416)  (-63.9983, 235.934, -80.5363)  (-73.8058, 253.221, -67.6198)  (-85.921, 255.419, -67.5579)  (-98.0932, 254.801, -69.1009)  (-109.382, 248.423, -74.9689)  
(71.055, 268.673, -81.919)  (68.2936, 230.49, -33.857)  (81.9367, 249.654, -36.7744)  (91.3001, 249.996, -44.7636)  (100.049, 247.16, -52.9086)  (106.122, 237.594, -61.5204)  (-90.6644, 313.699, -90.9816)  (-61.5228, 261.056, -78.5383)  (-73.0769, 275.452, -63.6688)  (-85.3284, 276.678, -63.7758)  (-97.3602, 275.359, -65.8776)  (-107.917, 269.062, -73.0504)  
(63.4414, 295.897, -68.6348)  (67.3468, 258.204, -20.2666)  (77.6277, 279.325, -23.4431)  (86.7497, 281.134, -31.5138)  (95.7878, 279.705, -39.7113)  (103.291, 271.193, -48.3025)  (-93.5371, 343.599, -84.9549)  (-52.577, 299.364, -73.0876)  (-65.9813, 311.603, -57.8435)  (-78.1738, 310.096, -57.015)  (-89.7243, 306.056, -58.1045)  (-99.0854, 297.233, -64.1938)  
(58.3064, 319.415, -76.8279)  (69.4843, 274.405, -36.5218)  (72.746, 297.74, -33.9343)  (81.5277, 303.934, -39.9458)  (91.2744, 307.126, -46.7093)  (101.868, 303.385, -55.447)  (-93.1932, 344.45, -83.5491)  (-51.3802, 301.207, -71.0172)  (-64.8183, 313.616, -55.9409)  (-76.9744, 311.933, -54.9362)  (-88.4677, 307.678, -55.7911)  (-97.7474, 298.551, -61.5463)  
(69.4143, 325.709, -60.4942)  (49.8975, 287.701, -16.3355)  (64.3638, 306.385, -14.4589)  (75.8255, 306.399, -18.9585)  (86.6537, 303.256, -23.8373)  (94.8866, 293.478, -30.096)  (-92.4948, 346.018, -82.7986)  (-50.1999, 306.622, -61.9539)  (-63.754, 321.674, -49.641)  (-75.8899, 320.101, -48.2771)  (-87.3373, 315.643, -48.2191)  (-96.5242, 305.447, -51.9866)  
(67.9007, 309.163, -41.6675)  (48.6323, 277.749, 7.49911)  (63.4144, 296.258, 6.61814)  (74.7891, 295.468, 1.96967)  (85.4754, 291.511, -2.62122)  (93.4401, 280.841, -7.64792)  (-91.3375, 330.183, -53.4047)  (-69.6263, 307.238, -0.70277)  (-87.1757, 322.839, -3.93921)  (-98.0258, 319.718, -8.85282)  (-107.682, 313.609, -13.3654)  (-113.538, 301.328, -17.5415)  
(55.6987, 275.01, 13.3584)  (41.859, 240.914, 62.5665)  (54.5405, 260.913, 61.505)  (65.7402, 261.422, 56.4134)  (76.5952, 258.708, 51.3406)  (85.4433, 249.036, 45.7981)  (-84.9989, 273.289, -16.8929)  (-47.9146, 267.739, 31.7826)  (-64.3844, 284.246, 27.5264)  (-76.4525, 281.813, 27.755)  (-87.4688, 276.581, 29.2379)  (-95.2353, 265.111, 32.503)  
(53.0678, 257.031, 37.915)  (37.5344, 222.933, 86.6131)  (51.5522, 242.029, 85.7776)  (62.6945, 241.875, 80.5392)  (73.2707, 238.529, 75.2591)  (81.3584, 228.391, 69.3969)  (-73.1287, 247.134, 14.6685)  (-75.4543, 237.945, 75.3769)  (-79.0983, 258.009, 63.2916)  (-89.0153, 259.802, 56.217)  (-99.8987, 258.864, 50.5959)  (-111.695, 251.361, 47.9308)  
(55.4375, 234.578, 91.08)  (38.4093, 202.245, 140.477)  (54.0656, 219.988, 139.074)  (64.9791, 218.8, 133.497)  (75.0388, 214.485, 127.919)  (81.9883, 203.629, 121.885)  (-69.7607, 226.887, 74.8943)  (-90.733, 209.503, 129.97)  (-88.0742, 231.44, 121.391)  (-95.1971, 235.986, 112.435)  (-104.013, 237.834, 104.082)  (-115.407, 233.026, 97.0378)  
(54.9375, 221.107, 123.209)  (39.5646, 189.892, 173.853)  (55.21, 207.547, 171.523)  (65.9181, 206.203, 165.594)  (75.7642, 201.735, 159.761)  (82.4684, 190.73, 153.721)  (-70.6352, 214.078, 116.289)  (-103.286, 199.416, 166.232)  (-99.6233, 220.804, 156.693)  (-104.612, 224.248, 145.975)  (-111.269, 224.944, 135.674)  (-120.45, 218.949, 126.602)  
(57.0844, 185.264, 210.008)  (50.029, 141.807, 252.871)  (63.3401, 161.402, 253.708)  (73.5341, 162.81, 246.947)  (83.2299, 161.068, 239.606)  (90.5211, 152.649, 230.745)  (-88.7676, 183.336, 194.815)  (-116.818, 156.683, 242.545)  (-122.416, 176.883, 231.478)  (-127.023, 177.155, 220.063)  (-131.855, 174.232, 209.152)  (-135.916, 164.272, 199.833)  














