(74.0142, 137.328, 134.127)  (56.5458, 123.168, 191.145)  (70.5746, 140.787, 183.945)  (81.8891, 138.887, 179.559)  (92.6369, 134.001, 176.276)  (100.919, 122.561, 174.83)  (-92.4714, 142.422, 126.437)  (-84.4554, 125.928, 185.081)  (-93.4552, 146.097, 176.474)  (-104.429, 146.643, 170.916)  (-115.627, 144.167, 166.51)  (-126.067, 134.779, 164.181)  
(74.0131, 137.386, 134.172)  (56.5618, 123.377, 191.232)  (70.5788, 140.985, 183.98)  (81.8938, 139.079, 179.598)  (92.6441, 134.19, 176.327)  (100.933, 122.751, 174.913)  (-92.4415, 142.418, 126.444)  (-84.4078, 125.916, 185.083)  (-93.4225, 146.081, 176.481)  (-104.397, 146.621, 170.925)  (-115.594, 144.138, 166.519)  (-126.028, 134.744, 164.19)  
(74.0111, 137.399, 134.194)  (56.5658, 123.465, 191.274)  (70.5786, 141.065, 183.998)  (81.8938, 139.157, 179.618)  (92.645, 134.265, 176.352)  (100.936, 122.827, 174.954)  (-91.9234, 141.67, 126.174)  (-83.437, 124.502, 184.559)  (-92.5831, 144.734, 176.258)  (-103.597, 145.299, 170.781)  (-114.813, 142.827, 166.421)  (-125.228, 133.421, 164.049)  
(74.015, 137.41, 134.21)  (56.5752, 123.52, 191.302)  (70.584, 141.117, 184.01)  (81.8994, 139.207, 179.632)  (92.6514, 134.315, 176.37)  (100.945, 122.877, 174.98)  (-91.8849, 141.665, 126.126)  (-83.3624, 124.482, 184.501)  (-92.5178, 144.715, 176.211)  (-103.535, 145.278, 170.741)  (-114.753, 142.805, 166.386)  (-125.167, 133.398, 164.016)  
(74.0604, 137.509, 134.247)  (56.6739, 123.793, 191.397)  (70.6642, 141.377, 184.037)  (81.9777, 139.461, 179.656)  (92.7309, 134.566, 176.402)  (101.032, 123.13, 175.044)  (-91.8752, 141.821, 126.048)  (-83.356, 124.744, 184.454)  (-92.4987, 144.967, 176.127)  (-103.516, 145.527, 170.657)  (-114.737, 143.054, 166.309)  (-125.158, 133.649, 163.959)  
(73.9977, 137.491, 134.295)  (56.6131, 123.922, 191.481)  (70.6001, 141.489, 184.075)  (81.914, 139.563, 179.699)  (92.6682, 134.662, 176.459)  (100.972, 123.224, 175.13)  (-91.8991, 142.285, 125.998)  (-83.3919, 125.432, 184.471)  (-92.529, 145.624, 176.065)  (-103.545, 146.166, 170.591)  (-114.766, 143.678, 166.25)  (-125.189, 134.267, 163.936)  
(73.9853, 137.481, 134.314)  (56.6101, 123.953, 191.513)  (70.5883, 141.52, 184.091)  (81.9029, 139.596, 179.716)  (92.6593, 134.698, 176.479)  (100.968, 123.262, 175.16)  (-91.9253, 142.592, 126.038)  (-83.4756, 125.819, 184.542)  (-92.5913, 146.005, 176.099)  (-103.603, 146.547, 170.616)  (-114.822, 144.061, 166.27)  (-125.25, 134.654, 163.961)  
(73.8023, 137.232, 134.35)  (56.3592, 123.676, 191.522)  (70.3173, 141.268, 184.121)  (81.6425, 139.365, 179.764)  (92.413, 134.486, 176.545)  (100.745, 123.065, 175.241)  (-92.4276, 145.556, 126.271)  (-84.4315, 130.284, 185.248)  (-93.403, 150.281, 176.219)  (-104.377, 150.727, 170.652)  (-115.578, 148.175, 166.299)  (-126.032, 138.755, 164.168)  
(73.4969, 136.896, 134.31)  (55.9332, 123.009, 191.366)  (69.8844, 140.66, 184.094)  (81.2229, 138.796, 179.755)  (92.0082, 133.95, 176.536)  (100.359, 122.548, 175.191)  (-92.6702, 145.744, 126.361)  (-84.7474, 130.72, 185.412)  (-93.7895, 150.643, 176.29)  (-104.751, 151.017, 170.695)  (-115.93, 148.398, 166.324)  (-126.335, 138.923, 164.201)  
(73.2738, 137.489, 134.312)  (55.708, 123.108, 191.244)  (69.6337, 140.84, 184.123)  (80.977, 139.03, 179.774)  (91.7715, 134.227, 176.521)  (100.142, 122.851, 175.086)  (-92.3473, 144.861, 127.782)  (-83.695, 128.347, 186.33)  (-93.366, 148.253, 177.838)  (-104.361, 148.466, 172.3)  (-115.479, 145.647, 167.898)  (-125.61, 135.933, 165.539)  
(73.1936, 138.999, 134.293)  (55.4444, 123.759, 190.944)  (69.4335, 141.566, 184.141)  (80.7834, 139.796, 179.793)  (91.574, 135.018, 176.49)  (99.9189, 123.644, 174.896)  (-92.4099, 146.294, 127.695)  (-83.1077, 127.586, 185.479)  (-93.389, 147.536, 177.851)  (-104.401, 147.656, 172.344)  (-115.443, 144.695, 167.844)  (-125.288, 134.793, 165.091)  
(73.4661, 157.675, 129.12)  (54.0687, 132.635, 181.592)  (68.7023, 150.947, 178.492)  (80.0888, 149.664, 174.069)  (90.8082, 145.248, 170.098)  (98.859, 134.116, 166.521)  (-96.9447, 171.801, 122.61)  (-86.7276, 141.451, 175.05)  (-99.8158, 160.894, 171.508)  (-110.511, 160.69, 165.409)  (-120.773, 157.285, 159.577)  (-128.799, 146.978, 153.928)  
(74.1452, 174.866, 118.063)  (53.0649, 142.375, 165.566)  (68.0637, 160.653, 165.672)  (79.5331, 159.847, 161.352)  (90.274, 155.89, 156.975)  (98.2295, 145.291, 151.885)  (-95.2123, 188.158, 111.338)  (-86.1809, 155.055, 162.309)  (-99.7147, 174.29, 159.354)  (-110.143, 174.141, 152.808)  (-120.051, 170.795, 146.361)  (-127.517, 160.615, 139.789)  
(73.9217, 209.697, 86.7534)  (51.8537, 169.266, 127.187)  (66.0487, 187.775, 131.059)  (77.745, 188.06, 127.321)  (88.8493, 185.223, 122.982)  (97.4886, 175.857, 116.722)  (-96.4812, 218.077, 81.5421)  (-92.1827, 184.342, 132.717)  (-105.483, 203.552, 128.724)  (-115.235, 203.443, 121.207)  (-124.46, 200.137, 113.797)  (-131.202, 190.011, 106.41)  
(74.2786, 232.953, 58.8939)  (53.3054, 191.598, 98.975)  (66.3855, 210.857, 103.11)  (78.1471, 211.747, 99.6842)  (89.5001, 209.486, 95.6627)  (98.7917, 200.564, 89.6952)  (-94.9874, 240.093, 54.4643)  (-90.4534, 209.198, 107.383)  (-103.667, 228.248, 102.449)  (-113.485, 227.791, 95.0314)  (-122.795, 224.144, 87.8926)  (-129.665, 213.673, 81.1317)  
(73.3856, 253.726, 26.619)  (53.4736, 224.098, 76.4418)  (66.0898, 244.056, 75.1871)  (77.8217, 244.27, 71.5569)  (89.2205, 241.278, 68.1962)  (98.7171, 231.303, 64.753)  (-94.9961, 255.327, 25.157)  (-90.2201, 232.454, 81.9854)  (-103.074, 250.904, 74.4859)  (-113.033, 249.613, 67.3612)  (-122.554, 245.196, 60.9755)  (-129.789, 234.024, 55.9356)  
(82.0585, 258.91, -14.4167)  (60.5852, 238.648, 39.2952)  (70.926, 259.337, 34.3836)  (82.8702, 260.308, 31.6907)  (94.8199, 258.198, 29.979)  (105.688, 249.069, 29.6681)  (-94.5236, 279.864, -29.8468)  (-63.002, 252.561, 15.2794)  (-79.9767, 269.022, 16.94)  (-91.7928, 266.669, 14.3982)  (-102.517, 261.264, 11.8089)  (-109.794, 249.534, 8.34459)  
(81.3564, 244.421, -15.188)  (58.0665, 213.906, 32.5927)  (67.1662, 235.722, 32.0195)  (79.1544, 237.868, 30.427)  (91.3098, 236.817, 29.2805)  (102.81, 228.557, 28.2485)  (-91.6766, 261.37, -25.94)  (-57.3031, 241.836, 21.0954)  (-74.0518, 258.609, 20.9632)  (-86.0232, 256.042, 19.6543)  (-96.9224, 250.444, 18.7607)  (-104.47, 238.409, 17.8873)  
(78.801, 216.665, 7.69409)  (52.3492, 194.315, 58.2649)  (63.4265, 214.994, 55.301)  (75.5759, 215.841, 53.7096)  (87.5929, 213.565, 52.9427)  (98.2918, 204.236, 53.1284)  (-88.441, 231.27, 10.4782)  (-53.9254, 218.406, 59.658)  (-71.428, 234.258, 57.5928)  (-83.2464, 231.001, 56.4361)  (-93.8601, 224.828, 56.0214)  (-100.829, 212.423, 56.3369)  
(72.9103, 195.884, 50.363)  (45.6049, 179.258, 102.657)  (58.453, 198.603, 98.2084)  (70.593, 198.227, 96.381)  (82.3342, 194.81, 95.5778)  (92.1413, 184.564, 96.1962)  (-87.8414, 213.294, 58.1179)  (-54.347, 206.53, 109.185)  (-72.2596, 221.509, 105.106)  (-83.936, 217.764, 103.987)  (-94.3407, 211.232, 103.928)  (-100.934, 198.695, 105.311)  
(67.0709, 186.06, 73.1041)  (37.6601, 173.207, 125.319)  (50.5887, 192.265, 119.96)  (62.7969, 191.851, 118.675)  (74.5783, 188.479, 118.625)  (84.4012, 178.389, 120.427)  (-85.8234, 208.102, 73.3187)  (-52.234, 197.694, 123.706)  (-70.3472, 212.712, 120.831)  (-81.9723, 208.912, 119.402)  (-92.2881, 202.267, 118.807)  (-98.7119, 189.572, 119.169)  
(68.3327, 182.938, 136.848)  (39.7759, 166.685, 188.587)  (53.183, 185.722, 184.474)  (65.3372, 185.047, 182.838)  (76.9988, 181.335, 182.198)  (86.5302, 170.838, 182.903)  (-79.0382, 195.127, 135.586)  (-56.2067, 184.687, 191.668)  (-70.8829, 201.92, 184.631)  (-82.5913, 199.802, 181.463)  (-93.631, 194.766, 179.54)  (-102.038, 183.283, 179.658)  
(68.8431, 181.99, 161.879)  (40.3684, 158.646, 210.878)  (52.0724, 179.101, 208.953)  (64.2807, 179.667, 207.73)  (76.2499, 177.089, 207.216)  (86.687, 167.466, 207.369)  (-86.8516, 189.046, 165.979)  (-70.1438, 166.574, 220.672)  (-80.8753, 187.133, 215.767)  (-92.5352, 187.781, 211.863)  (-104.162, 185.293, 208.773)  (-114.538, 175.747, 206.824)  
(71.5438, 170.843, 187.587)  (43.5772, 154.032, 239.47)  (57.2983, 172.881, 235.53)  (69.4052, 171.997, 233.659)  (80.9749, 168.067, 232.728)  (90.2993, 157.366, 233.032)  (-95.2329, 182.544, 190.487)  (-79.8229, 155.951, 243.692)  (-90.1873, 176.964, 240.101)  (-101.765, 178.063, 236.055)  (-113.366, 175.974, 232.595)  (-123.831, 166.747, 229.784)  





















